Word: 0.9233324548842191
Token: 11.744488384026495
