Word: 0.9233324548842191
Token: 4.236893343820724
