Word: 0.8195168761154398
Token: 4.891582654965881
